%YAML:1.0
---
intrinsic: !!opencv-matrix
   rows: 3
   cols: 3
   dt: d
   data: [ 6.2497661656479318e+02, 0., 6.3597186308259506e+02, 0.,
       6.2771993309643301e+02, 3.2235762714898215e+02, 0., 0., 1. ]
dist: !!opencv-matrix
   rows: 5
   cols: 1
   dt: d
   data: [ 1.2895921767787702e-01, -1.4598685461700033e-02,
       -2.9404084699246536e-02, -7.9735947156359156e-03,
       -2.9311977088323860e-01 ]
rme: 1.0297934074091088e-01
