0.964287	0.039722	0.261863	-0.011584	
-0.028146	0.998460	-0.047809	-0.017685	
-0.263359	0.038731	0.963920	0.455314	
0.000000	0.000000	0.000000	1.000000	
0.964398	0.040017	0.261411	-0.011326	
-0.028359	0.998434	-0.048218	-0.017821	
-0.262932	0.039088	0.964022	0.455282	
0.000000	0.000000	0.000000	1.000000	
0.964233	0.039821	0.262047	-0.011107	
-0.028105	0.998437	-0.048306	-0.017867	
-0.263561	0.039213	0.963845	0.455269	
0.000000	0.000000	0.000000	1.000000	
0.964372	0.039616	0.261567	-0.011040	
-0.028096	0.998469	-0.047638	-0.017663	
-0.263054	0.038591	0.964009	0.455323	
0.000000	0.000000	0.000000	1.000000	
0.964528	0.038178	0.261204	-0.011109	
-0.026550	0.998499	-0.047904	-0.017962	
-0.262641	0.039269	0.964094	0.455267	
0.000000	0.000000	0.000000	1.000000	
0.964221	0.039715	0.262109	-0.011315	
-0.028124	0.998460	-0.047828	-0.017730	
-0.263605	0.038745	0.963852	0.455311	
0.000000	0.000000	0.000000	1.000000	
0.964114	0.039710	0.262500	-0.010774	
-0.027945	0.998437	-0.048403	-0.017977	
-0.264012	0.039331	0.963717	0.455257	
0.000000	0.000000	0.000000	1.000000	
0.964224	0.039714	0.262095	-0.011118	
-0.028043	0.998448	-0.048123	-0.017831	
-0.263600	0.039051	0.963841	0.455286	
0.000000	0.000000	0.000000	1.000000	
0.964426	0.039814	0.261337	-0.011367	
-0.028189	0.998446	-0.048083	-0.017788	
-0.262845	0.039005	0.964049	0.455292	
0.000000	0.000000	0.000000	1.000000	
0.964219	0.039616	0.262130	-0.011071	
-0.028036	0.998465	-0.047774	-0.017700	
-0.263620	0.038715	0.963849	0.455310	
0.000000	0.000000	0.000000	1.000000	
0.964418	0.039814	0.261366	-0.011277	
-0.028181	0.998445	-0.048108	-0.017814	
-0.262875	0.039030	0.964040	0.455286	
0.000000	0.000000	0.000000	1.000000	
0.964198	0.039619	0.262209	-0.011032	
-0.028168	0.998484	-0.047289	-0.017505	
-0.263685	0.038210	0.963852	0.455352	
0.000000	0.000000	0.000000	1.000000	
0.964535	0.039721	0.260949	-0.011360	
-0.028112	0.998448	-0.048074	-0.017816	
-0.262453	0.039034	0.964155	0.455287	
0.000000	0.000000	0.000000	1.000000	
0.964472	0.038180	0.261413	-0.011449	
-0.026561	0.998502	-0.047840	-0.017888	
-0.262847	0.039197	0.964041	0.455271	
0.000000	0.000000	0.000000	1.000000	
0.964380	0.039817	0.261508	-0.011351	
-0.028097	0.998432	-0.048407	-0.017918	
-0.263025	0.039336	0.963987	0.455260	
0.000000	0.000000	0.000000	1.000000	
0.964372	0.039724	0.261553	-0.011153	
-0.028213	0.998467	-0.047622	-0.017599	
-0.263043	0.038547	0.964014	0.455328	
0.000000	0.000000	0.000000	1.000000	
0.964339	0.039911	0.261645	-0.011472	
-0.028272	0.998442	-0.048098	-0.017816	
-0.263157	0.038986	0.963965	0.455291	
0.000000	0.000000	0.000000	1.000000	
0.964139	0.039620	0.262424	-0.011214	
-0.027881	0.998443	-0.048306	-0.017920	
-0.263929	0.039257	0.963743	0.455261	
0.000000	0.000000	0.000000	1.000000	
0.964176	0.039613	0.262288	-0.010841	
-0.027856	0.998440	-0.048394	-0.017987	
-0.263796	0.039354	0.963775	0.455258	
0.000000	0.000000	0.000000	1.000000	
0.964519	0.039921	0.260978	-0.011348	
-0.028369	0.998450	-0.047884	-0.017651	
-0.262485	0.038781	0.964157	0.455309	
0.000000	0.000000	0.000000	1.000000	
0.964006	0.039625	0.262911	-0.010618	
-0.027944	0.998455	-0.048023	-0.017827	
-0.264407	0.038947	0.963624	0.455289	
0.000000	0.000000	0.000000	1.000000	
0.964365	0.039812	0.261562	-0.011118	
-0.028181	0.998446	-0.048071	-0.017824	
-0.263069	0.038987	0.963989	0.455290	
0.000000	0.000000	0.000000	1.000000	
0.964135	0.039612	0.262441	-0.011053	
-0.027894	0.998447	-0.048228	-0.017909	
-0.263944	0.039177	0.963742	0.455273	
0.000000	0.000000	0.000000	1.000000	
0.964153	0.039712	0.262358	-0.011138	
-0.028017	0.998446	-0.048168	-0.017859	
-0.263863	0.039091	0.963768	0.455276	
0.000000	0.000000	0.000000	1.000000	
0.964279	0.039711	0.261895	-0.011497	
-0.027988	0.998439	-0.048343	-0.017954	
-0.263406	0.039286	0.963885	0.455264	
0.000000	0.000000	0.000000	1.000000	
0.964261	0.039711	0.261960	-0.011249	
-0.028031	0.998446	-0.048175	-0.017866	
-0.263466	0.039111	0.963876	0.455278	
0.000000	0.000000	0.000000	1.000000	
0.964360	0.039515	0.261627	-0.011045	
-0.027891	0.998458	-0.047995	-0.017814	
-0.263120	0.038987	0.963975	0.455290	
0.000000	0.000000	0.000000	1.000000	
0.964321	0.039714	0.261740	-0.010850	
-0.028062	0.998448	-0.048104	-0.017831	
-0.263244	0.039043	0.963939	0.455284	
0.000000	0.000000	0.000000	1.000000	
0.964182	0.039418	0.262295	-0.010913	
-0.027851	0.998475	-0.047674	-0.017724	
-0.263774	0.038661	0.963809	0.455316	
0.000000	0.000000	0.000000	1.000000	
0.964072	0.039614	0.262669	-0.011318	
-0.027986	0.998462	-0.047867	-0.017738	
-0.264161	0.038796	0.963698	0.455300	
0.000000	0.000000	0.000000	1.000000	
0.964284	0.039723	0.261874	-0.011001	
-0.028137	0.998458	-0.047847	-0.017708	
-0.263371	0.038769	0.963915	0.455304	
0.000000	0.000000	0.000000	1.000000	
0.964223	0.039712	0.262100	-0.010962	
-0.028109	0.998458	-0.047870	-0.017756	
-0.263597	0.038790	0.963853	0.455305	
0.000000	0.000000	0.000000	1.000000	
0.964229	0.039913	0.262048	-0.011140	
-0.028190	0.998433	-0.048344	-0.017905	
-0.263567	0.039227	0.963843	0.455267	
0.000000	0.000000	0.000000	1.000000	
0.964065	0.039823	0.262666	-0.010735	
-0.028153	0.998448	-0.048044	-0.017750	
-0.264171	0.038923	0.963690	0.455294	
0.000000	0.000000	0.000000	1.000000	
0.964337	0.039911	0.261652	-0.011471	
-0.028245	0.998438	-0.048199	-0.017829	
-0.263167	0.039090	0.963958	0.455280	
0.000000	0.000000	0.000000	1.000000	
0.964348	0.039713	0.261640	-0.011036	
-0.028075	0.998449	-0.048072	-0.017854	
-0.263143	0.039013	0.963968	0.455286	
0.000000	0.000000	0.000000	1.000000	
0.964332	0.039724	0.261697	-0.011085	
-0.028185	0.998464	-0.047700	-0.017637	
-0.263189	0.038623	0.963971	0.455319	
0.000000	0.000000	0.000000	1.000000	
0.964132	0.039812	0.262421	-0.011217	
-0.028120	0.998444	-0.048163	-0.017837	
-0.263930	0.039056	0.963751	0.455281	
0.000000	0.000000	0.000000	1.000000	
0.964390	0.039712	0.261486	-0.011550	
-0.028076	0.998449	-0.048085	-0.017815	
-0.262990	0.039031	0.964009	0.455287	
0.000000	0.000000	0.000000	1.000000	
0.964200	0.039721	0.262184	-0.011141	
-0.028099	0.998455	-0.047932	-0.017715	
-0.263683	0.038849	0.963827	0.455299	
0.000000	0.000000	0.000000	1.000000	
0.964397	0.039812	0.261445	-0.011395	
-0.028096	0.998433	-0.048401	-0.017945	
-0.262962	0.039332	0.964004	0.455259	
0.000000	0.000000	0.000000	1.000000	
0.964287	0.039712	0.261866	-0.011294	
-0.028044	0.998447	-0.048146	-0.017851	
-0.263371	0.039083	0.963903	0.455279	
0.000000	0.000000	0.000000	1.000000	
0.964321	0.039811	0.261726	-0.010963	
-0.028111	0.998437	-0.048298	-0.017937	
-0.263240	0.039217	0.963933	0.455273	
0.000000	0.000000	0.000000	1.000000	
0.964257	0.039715	0.261976	-0.010957	
-0.028082	0.998453	-0.047999	-0.017782	
-0.263477	0.038926	0.963880	0.455294	
0.000000	0.000000	0.000000	1.000000	
0.964265	0.039711	0.261946	-0.011333	
-0.028030	0.998445	-0.048184	-0.017864	
-0.263452	0.039120	0.963879	0.455276	
0.000000	0.000000	0.000000	1.000000	
0.964218	0.040012	0.262076	-0.011298	
-0.028434	0.998451	-0.047825	-0.017673	
-0.263583	0.038662	0.963862	0.455319	
0.000000	0.000000	0.000000	1.000000	
0.964440	0.039813	0.261286	-0.011172	
-0.028261	0.998456	-0.047823	-0.017709	
-0.262787	0.038738	0.964076	0.455311	
0.000000	0.000000	0.000000	1.000000	
0.964298	0.040012	0.261779	-0.011157	
-0.028268	0.998424	-0.048477	-0.017946	
-0.263306	0.039346	0.963910	0.455257	
0.000000	0.000000	0.000000	1.000000	
0.964213	0.039714	0.262138	-0.010723	
-0.028026	0.998446	-0.048176	-0.017867	
-0.263644	0.039105	0.963827	0.455279	
0.000000	0.000000	0.000000	1.000000	
