0.942153	0.050440	0.331365	-0.011086	
-0.034594	0.997966	-0.053549	-0.017805	
-0.333392	0.038988	0.941982	0.455293	
0.000000	0.000000	0.000000	1.000000	
0.961705	0.003015	0.274071	-0.011173	
0.007819	0.999231	-0.038426	-0.017877	
-0.273976	0.039097	0.960941	0.455271	
0.000000	0.000000	0.000000	1.000000	
0.940998	0.074747	0.330054	-0.010890	
-0.057518	0.996438	-0.061675	-0.017776	
-0.333488	0.039052	0.941945	0.455294	
0.000000	0.000000	0.000000	1.000000	
0.977408	-0.073825	0.198051	-0.010995	
0.079986	0.996524	-0.023278	-0.017888	
-0.195644	0.038593	0.979915	0.455276	
0.000000	0.000000	0.000000	1.000000	
0.980039	0.005778	0.198720	-0.010983	
0.002008	0.999239	-0.038956	-0.017738	
-0.198794	0.038578	0.979282	0.455313	
0.000000	0.000000	0.000000	1.000000	
0.977998	-0.061473	0.199353	-0.011195	
0.067848	0.997375	-0.025301	-0.017675	
-0.197274	0.038270	0.979601	0.455312	
0.000000	0.000000	0.000000	1.000000	
0.959711	0.062595	0.273929	-0.010920	
-0.049444	0.997280	-0.054658	-0.017808	
-0.276605	0.038912	0.960196	0.455296	
0.000000	0.000000	0.000000	1.000000	
0.973946	0.074837	0.214075	-0.010766	
-0.064703	0.996444	-0.053971	-0.017693	
-0.217353	0.038713	0.975325	0.455318	
0.000000	0.000000	0.000000	1.000000	
0.976440	0.015082	0.215260	-0.010847	
-0.006363	0.999133	-0.041142	-0.017784	
-0.215694	0.038803	0.975690	0.455297	
0.000000	0.000000	0.000000	1.000000	
0.942937	-0.081268	0.322901	-0.011540	
0.089425	0.995938	-0.010481	-0.017961	
-0.320737	0.038759	0.946375	0.455253	
0.000000	0.000000	0.000000	1.000000	
0.969561	0.070453	0.234495	-0.011307	
-0.059198	0.996746	-0.054703	-0.017793	
-0.237586	0.039157	0.970577	0.455282	
0.000000	0.000000	0.000000	1.000000	
0.946152	0.019789	0.323118	-0.011238	
-0.006138	0.999047	-0.043212	-0.017797	
-0.323665	0.038902	0.945372	0.455290	
0.000000	0.000000	0.000000	1.000000	
0.970058	0.062693	0.234642	-0.011394	
-0.051752	0.997279	-0.052503	-0.017715	
-0.237295	0.038788	0.970663	0.455310	
0.000000	0.000000	0.000000	1.000000	
0.946844	-0.040034	0.319193	-0.010940	
0.050372	0.998437	-0.024195	-0.017979	
-0.317726	0.038987	0.947381	0.455257	
0.000000	0.000000	0.000000	1.000000	
0.979037	0.041047	0.199501	-0.010803	
-0.032366	0.998390	-0.046580	-0.017895	
-0.201092	0.039147	0.978790	0.455276	
0.000000	0.000000	0.000000	1.000000	
0.969636	0.028980	0.242828	-0.011440	
-0.018588	0.998815	-0.044980	-0.017888	
-0.243843	0.039100	0.969026	0.455273	
0.000000	0.000000	0.000000	1.000000	
0.969240	0.042876	0.242353	-0.011574	
-0.032020	0.998307	-0.048555	-0.017930	
-0.244025	0.039301	0.968972	0.455262	
0.000000	0.000000	0.000000	1.000000	
0.957345	0.015281	0.288541	-0.011136	
-0.003497	0.999140	-0.041312	-0.017670	
-0.288924	0.038541	0.956576	0.455318	
0.000000	0.000000	0.000000	1.000000	
0.972034	0.068716	0.224561	-0.011140	
-0.058117	0.996876	-0.053480	-0.017797	
-0.227535	0.038934	0.972991	0.455299	
0.000000	0.000000	0.000000	1.000000	
0.952336	-0.019998	0.304395	-0.011329	
0.030750	0.999060	-0.030568	-0.017680	
-0.303498	0.038471	0.952055	0.455308	
0.000000	0.000000	0.000000	1.000000	
0.971499	-0.058516	0.229707	-0.011249	
0.065695	0.997558	-0.023726	-0.017713	
-0.227758	0.038140	0.972971	0.455312	
0.000000	0.000000	0.000000	1.000000	
0.979470	0.038079	0.197958	-0.011008	
-0.029554	0.998511	-0.045845	-0.017848	
-0.199409	0.039054	0.979138	0.455285	
0.000000	0.000000	0.000000	1.000000	
0.960100	0.030417	0.277997	-0.011208	
-0.018365	0.998779	-0.045856	-0.017821	
-0.279052	0.038921	0.959487	0.455292	
0.000000	0.000000	0.000000	1.000000	
0.965664	-0.050861	0.254766	-0.011119	
0.059048	0.997952	-0.024587	-0.017915	
-0.252994	0.038786	0.966690	0.455273	
0.000000	0.000000	0.000000	1.000000	
0.967976	-0.044534	0.247060	-0.011293	
0.052749	0.998250	-0.026731	-0.017954	
-0.245437	0.038907	0.968631	0.455260	
0.000000	0.000000	0.000000	1.000000	
0.969110	-0.044820	0.242522	-0.011215	
0.052770	0.998258	-0.026381	-0.017722	
-0.240918	0.038364	0.969787	0.455307	
0.000000	0.000000	0.000000	1.000000	
0.973259	-0.010798	0.229457	-0.011648	
0.019395	0.999191	-0.035243	-0.017792	
-0.228890	0.038751	0.972681	0.455288	
0.000000	0.000000	0.000000	1.000000	
0.976779	-0.001685	0.214240	-0.011162	
0.009973	0.999243	-0.037612	-0.017793	
-0.214015	0.038875	0.976057	0.455282	
0.000000	0.000000	0.000000	1.000000	
0.968991	0.029078	0.245380	-0.011529	
-0.018514	0.998804	-0.045251	-0.017948	
-0.246402	0.039305	0.968370	0.455263	
0.000000	0.000000	0.000000	1.000000	
0.954742	0.009248	0.297291	-0.011424	
0.002793	0.999194	-0.040051	-0.017842	
-0.297421	0.039068	0.953946	0.455272	
0.000000	0.000000	0.000000	1.000000	
0.971203	0.053306	0.232213	-0.010837	
-0.042746	0.997820	-0.050279	-0.017767	
-0.234387	0.038905	0.971364	0.455299	
0.000000	0.000000	0.000000	1.000000	
0.973955	-0.066175	0.216872	-0.011205	
0.072941	0.997063	-0.023337	-0.017872	
-0.214691	0.038548	0.975921	0.455280	
0.000000	0.000000	0.000000	1.000000	
0.974805	-0.044630	0.218547	-0.011132	
0.051986	0.998255	-0.028022	-0.017856	
-0.216915	0.038678	0.975424	0.455279	
0.000000	0.000000	0.000000	1.000000	
0.975866	0.024284	0.217015	-0.011424	
-0.015272	0.998954	-0.043106	-0.017728	
-0.217834	0.038752	0.975216	0.455302	
0.000000	0.000000	0.000000	1.000000	
0.954527	0.024392	0.297126	-0.010883	
-0.011817	0.998960	-0.044044	-0.017621	
-0.297891	0.038530	0.953822	0.455323	
0.000000	0.000000	0.000000	1.000000	
0.977437	0.073505	0.198026	-0.011655	
-0.064193	0.996526	-0.053052	-0.017803	
-0.201238	0.039143	0.978760	0.455286	
0.000000	0.000000	0.000000	1.000000	
0.952737	-0.078404	0.293506	-0.010927	
0.086305	0.996170	-0.014048	-0.017957	
-0.291280	0.038715	0.955854	0.455256	
0.000000	0.000000	0.000000	1.000000	
0.972874	-0.033802	0.228853	-0.011439	
0.041695	0.998688	-0.029740	-0.017722	
-0.227547	0.038475	0.973007	0.455303	
0.000000	0.000000	0.000000	1.000000	
0.947387	0.035017	0.318168	-0.010868	
-0.020808	0.998633	-0.047950	-0.017784	
-0.319412	0.038807	0.946821	0.455303	
0.000000	0.000000	0.000000	1.000000	
0.971252	-0.075456	0.225780	-0.011187	
0.082248	0.996395	-0.020812	-0.018012	
-0.223395	0.038783	0.973956	0.455256	
0.000000	0.000000	0.000000	1.000000	
0.972721	-0.073521	0.220020	-0.011400	
0.080162	0.996552	-0.021400	-0.017785	
-0.217688	0.038454	0.975261	0.455285	
0.000000	0.000000	0.000000	1.000000	
0.974277	0.047473	0.220295	-0.011409	
-0.037587	0.998098	-0.048853	-0.017938	
-0.222195	0.039316	0.974209	0.455263	
0.000000	0.000000	0.000000	1.000000	
0.968376	0.081050	0.235962	-0.011326	
-0.069387	0.995941	-0.057334	-0.017833	
-0.239651	0.039148	0.970070	0.455283	
0.000000	0.000000	0.000000	1.000000	
0.937843	-0.039932	0.344756	-0.011130	
0.050746	0.998460	-0.022396	-0.017752	
-0.343331	0.038499	0.938425	0.455298	
0.000000	0.000000	0.000000	1.000000	
0.952557	0.025925	0.303254	-0.011184	
-0.012967	0.998918	-0.044666	-0.017616	
-0.304084	0.038615	0.951862	0.455319	
0.000000	0.000000	0.000000	1.000000	
0.967999	0.026115	0.249592	-0.011339	
-0.015537	0.998899	-0.044257	-0.017791	
-0.250473	0.038962	0.967339	0.455288	
0.000000	0.000000	0.000000	1.000000	
0.971350	-0.046161	0.233126	-0.011599	
0.053819	0.998197	-0.026592	-0.017730	
-0.231478	0.038377	0.972083	0.455300	
0.000000	0.000000	0.000000	1.000000	
0.971319	-0.044628	0.233553	-0.011096	
0.052351	0.998265	-0.026968	-0.017737	
-0.231944	0.038421	0.971970	0.455302	
0.000000	0.000000	0.000000	1.000000	
0.972457	-0.006286	0.232996	-0.011183	
0.015116	0.999233	-0.036133	-0.017712	
-0.232590	0.038659	0.971806	0.455303	
0.000000	0.000000	0.000000	1.000000	
