-0.994551	-0.017304	-0.102802	0.038634	
0.049949	0.786462	-0.615616	0.051041	
0.091502	-0.617396	-0.781313	0.277567	
0.000000	0.000000	0.000000	1.000000	
-0.989533	-0.097503	-0.106389	0.042664	
0.028875	0.588539	-0.807953	0.022704	
0.141392	-0.802568	-0.579563	0.266566	
0.000000	0.000000	0.000000	1.000000	
-0.991765	-0.010706	-0.127624	0.042911	
0.084079	0.697262	-0.711869	0.028251	
0.096608	-0.716737	-0.690620	0.273504	
0.000000	0.000000	0.000000	1.000000	
-0.980841	-0.163623	-0.105725	0.041317	
0.018260	0.463105	-0.886116	0.010794	
0.193950	-0.871069	-0.451244	0.259230	
0.000000	0.000000	0.000000	1.000000	
-0.987824	-0.075565	-0.135993	0.042915	
0.067120	0.581589	-0.810709	0.014753	
0.140353	-0.809966	-0.569435	0.266878	
0.000000	0.000000	0.000000	1.000000	
-0.987824	-0.075565	-0.135993	0.042915	
0.067120	0.581589	-0.810709	0.014753	
0.140353	-0.809966	-0.569435	0.266878	
0.000000	0.000000	0.000000	1.000000	
-0.992347	0.010374	-0.123046	0.042320	
0.091446	0.731355	-0.675838	0.032501	
0.082979	-0.681918	-0.726706	0.276071	
0.000000	0.000000	0.000000	1.000000	
-0.980766	-0.155141	-0.118446	0.041202	
0.029195	0.483404	-0.874910	0.009416	
0.192992	-0.861540	-0.469577	0.260808	
0.000000	0.000000	0.000000	1.000000	
-0.989614	0.036536	-0.139032	0.040955	
0.115011	0.781449	-0.613277	0.038963	
0.086239	-0.622898	-0.777535	0.278886	
0.000000	0.000000	0.000000	1.000000	
-0.992079	-0.055335	-0.112774	0.042556	
0.048431	0.659864	-0.749822	0.028994	
0.115907	-0.749345	-0.651957	0.271190	
0.000000	0.000000	0.000000	1.000000	
-0.992569	0.046481	-0.112456	0.041021	
0.105276	0.791487	-0.602051	0.039518	
0.061023	-0.609416	-0.790498	0.279984	
0.000000	0.000000	0.000000	1.000000	
-0.995732	-0.032709	-0.086305	0.040734	
0.032354	0.752052	-0.658310	0.044445	
0.086438	-0.658292	-0.747783	0.276990	
0.000000	0.000000	0.000000	1.000000	
-0.992131	-0.062734	-0.108356	0.042156	
0.042253	0.646892	-0.761410	0.028921	
0.117861	-0.759997	-0.639150	0.269439	
0.000000	0.000000	0.000000	1.000000	
-0.991719	-0.002785	-0.128395	0.042630	
0.086083	0.727501	-0.680685	0.031655	
0.095303	-0.686101	-0.721237	0.276488	
0.000000	0.000000	0.000000	1.000000	
-0.991337	0.003097	-0.131305	0.042251	
0.091898	0.730607	-0.676586	0.031337	
0.093836	-0.682791	-0.724562	0.274885	
0.000000	0.000000	0.000000	1.000000	
-0.990065	-0.002199	-0.140597	0.042606	
0.093740	0.734960	-0.671600	0.031523	
0.104810	-0.678107	-0.727451	0.276410	
0.000000	0.000000	0.000000	1.000000	
-0.993112	-0.020652	-0.115337	0.042186	
0.067303	0.705222	-0.705784	0.033443	
0.095914	-0.708685	-0.698975	0.273542	
0.000000	0.000000	0.000000	1.000000	
-0.993112	-0.046692	-0.107459	0.042441	
0.044019	0.701275	-0.711530	0.034451	
0.108581	-0.711360	-0.694390	0.273507	
0.000000	0.000000	0.000000	1.000000	
-0.991595	0.022693	-0.127373	0.042514	
0.103087	0.733481	-0.671848	0.031185	
0.078179	-0.679332	-0.729655	0.275728	
0.000000	0.000000	0.000000	1.000000	
-0.991360	0.036964	-0.125851	0.041137	
0.106848	0.784105	-0.611362	0.039264	
0.076082	-0.619527	-0.781280	0.278280	
0.000000	0.000000	0.000000	1.000000	
-0.991360	0.036964	-0.125851	0.041137	
0.106848	0.784105	-0.611362	0.039264	
0.076082	-0.619527	-0.781280	0.278280	
0.000000	0.000000	0.000000	1.000000	
-0.991942	-0.056481	-0.113403	0.042729	
0.048749	0.656039	-0.753151	0.029442	
0.116935	-0.752611	-0.647999	0.270709	
0.000000	0.000000	0.000000	1.000000	
-0.993051	-0.054948	-0.104070	0.042735	
0.041631	0.663110	-0.747363	0.029313	
0.110076	-0.746502	-0.656215	0.270685	
0.000000	0.000000	0.000000	1.000000	
-0.988091	-0.103909	-0.113487	0.042752	
0.037888	0.550539	-0.833949	0.016429	
0.149134	-0.828318	-0.540045	0.264259	
0.000000	0.000000	0.000000	1.000000	
-0.990122	0.033504	-0.136147	0.041320	
0.109239	0.793051	-0.599281	0.039589	
0.087893	-0.608234	-0.788877	0.280437	
0.000000	0.000000	0.000000	1.000000	
-0.983922	-0.137000	-0.114583	0.041868	
0.030596	0.502781	-0.863872	0.012368	
0.175961	-0.853488	-0.490505	0.262635	
0.000000	0.000000	0.000000	1.000000	
-0.986747	-0.084494	-0.138530	0.043007	
0.066479	0.568280	-0.820146	0.013442	
0.148021	-0.818486	-0.555131	0.265240	
0.000000	0.000000	0.000000	1.000000	
-0.988554	-0.066441	-0.135452	0.042983	
0.068707	0.601047	-0.796255	0.017772	
0.134317	-0.796447	-0.589602	0.267997	
0.000000	0.000000	0.000000	1.000000	
-0.986953	-0.117695	-0.109870	0.042341	
0.023050	0.572077	-0.819876	0.020768	
0.159349	-0.811711	-0.561901	0.265380	
0.000000	0.000000	0.000000	1.000000	
-0.984694	-0.133344	-0.112234	0.042603	
0.021682	0.545226	-0.838009	0.017131	
0.172936	-0.827616	-0.533989	0.265574	
0.000000	0.000000	0.000000	1.000000	
-0.990647	-0.062203	-0.121443	0.043164	
0.060992	0.594298	-0.801929	0.016825	
0.122056	-0.801836	-0.584946	0.266780	
0.000000	0.000000	0.000000	1.000000	
-0.987679	-0.107423	-0.113797	0.042585	
0.033779	0.563689	-0.825296	0.019310	
0.152802	-0.818972	-0.553115	0.265428	
0.000000	0.000000	0.000000	1.000000	
-0.992311	0.010147	-0.123354	0.042319	
0.091650	0.730054	-0.677216	0.033011	
0.083183	-0.683314	-0.725370	0.276063	
0.000000	0.000000	0.000000	1.000000	
-0.983821	-0.146422	-0.103232	0.042539	
0.009904	0.530885	-0.847386	0.017109	
0.178880	-0.834699	-0.520845	0.265145	
0.000000	0.000000	0.000000	1.000000	
-0.990490	-0.057165	-0.125150	0.043407	
0.062677	0.622273	-0.780287	0.019008	
0.122483	-0.780710	-0.612772	0.269757	
0.000000	0.000000	0.000000	1.000000	
-0.982927	-0.140752	-0.118507	0.042180	
0.026322	0.529879	-0.847665	0.014471	
0.182105	-0.836312	-0.517127	0.263793	
0.000000	0.000000	0.000000	1.000000	
-0.989652	-0.023442	-0.141560	0.043016	
0.089835	0.668056	-0.738668	0.024188	
0.111885	-0.743741	-0.659037	0.271961	
0.000000	0.000000	0.000000	1.000000	
-0.991440	0.032078	-0.126563	0.042045	
0.105925	0.764349	-0.636043	0.036794	
0.076336	-0.644005	-0.761204	0.279234	
0.000000	0.000000	0.000000	1.000000	
-0.979668	-0.161995	-0.118353	0.042017	
0.024452	0.489111	-0.871878	0.010309	
0.199128	-0.857046	-0.475206	0.262132	
0.000000	0.000000	0.000000	1.000000	
-0.987911	-0.084668	-0.129857	0.043031	
0.060062	0.563196	-0.824138	0.013083	
0.142913	-0.821975	-0.551302	0.265348	
0.000000	0.000000	0.000000	1.000000	
-0.977645	-0.176223	-0.114696	0.041354	
0.021433	0.459126	-0.888113	0.006887	
0.209165	-0.870717	-0.445085	0.259554	
0.000000	0.000000	0.000000	1.000000	
-0.991932	0.022052	-0.124837	0.042172	
0.099039	0.749504	-0.654550	0.036681	
0.079132	-0.661632	-0.745641	0.277550	
0.000000	0.000000	0.000000	1.000000	
-0.992006	-0.039284	-0.119921	0.043023	
0.061399	0.679978	-0.730657	0.030343	
0.110247	-0.732180	-0.672130	0.274142	
0.000000	0.000000	0.000000	1.000000	
-0.990976	0.011627	-0.133536	0.042292	
0.098974	0.735307	-0.670468	0.033641	
0.090394	-0.677634	-0.729823	0.275955	
0.000000	0.000000	0.000000	1.000000	
-0.994241	-0.028757	-0.103238	0.042388	
0.050086	0.726963	-0.684848	0.037010	
0.094745	-0.686074	-0.721336	0.276330	
0.000000	0.000000	0.000000	1.000000	
-0.992211	0.012222	-0.123966	0.042307	
0.092042	0.742506	-0.663486	0.033773	
0.083937	-0.669728	-0.737847	0.275969	
0.000000	0.000000	0.000000	1.000000	
-0.987517	-0.106412	-0.116129	0.042575	
0.034601	0.572710	-0.819028	0.020523	
0.153662	-0.812822	-0.561879	0.265357	
0.000000	0.000000	0.000000	1.000000	
-0.991304	-0.002509	-0.131566	0.043312	
0.090779	0.710774	-0.697538	0.028317	
0.095264	-0.703416	-0.704365	0.275239	
0.000000	0.000000	0.000000	1.000000	
-0.987901	-0.108064	-0.111241	0.042595	
0.032378	0.557766	-0.829367	0.017120	
0.151671	-0.822933	-0.547518	0.265512	
0.000000	0.000000	0.000000	1.000000	
