-0.985618	-0.090566	-0.142670	0.036584	
0.023874	0.761170	-0.648113	0.010427	
0.167293	-0.642198	-0.748061	0.261182	
0.000000	0.000000	0.000000	1.000000	
-0.978543	-0.122079	-0.165985	0.051733	
0.028081	0.719046	-0.694395	0.030740	
0.204122	-0.684157	-0.700189	0.263540	
0.000000	0.000000	0.000000	1.000000	
-0.989997	-0.056491	-0.129289	0.027643	
0.041121	0.761042	-0.647398	0.010125	
0.134966	-0.646238	-0.751106	0.262883	
0.000000	0.000000	0.000000	1.000000	
-0.961840	-0.177182	-0.208495	0.078403	
0.031125	0.686208	-0.726739	0.057635	
0.271836	-0.705497	-0.654507	0.264462	
0.000000	0.000000	0.000000	1.000000	
-0.978783	-0.121783	-0.164779	0.050635	
0.041610	0.669302	-0.741824	0.056098	
0.200628	-0.732942	-0.650034	0.267025	
0.000000	0.000000	0.000000	1.000000	
-0.962936	-0.178682	-0.202056	0.072991	
0.035965	0.657361	-0.752717	0.056226	
0.267321	-0.732086	-0.626570	0.262152	
0.000000	0.000000	0.000000	1.000000	
-0.990305	-0.064343	-0.123114	0.031434	
0.038954	0.722077	-0.690715	0.029033	
0.133340	-0.688814	-0.712570	0.264996	
0.000000	0.000000	0.000000	1.000000	
-0.990682	-0.058565	-0.122958	0.027754	
0.050276	0.681792	-0.729817	0.050091	
0.126573	-0.729198	-0.672495	0.269580	
0.000000	0.000000	0.000000	1.000000	
-0.983700	-0.100294	-0.149250	0.047365	
0.044422	0.668739	-0.742169	0.050280	
0.174244	-0.736701	-0.653384	0.266627	
0.000000	0.000000	0.000000	1.000000	
-0.957180	-0.195373	-0.213625	0.079871	
-0.005460	0.749981	-0.661437	0.014147	
0.289442	-0.631947	-0.718934	0.256288	
0.000000	0.000000	0.000000	1.000000	
-0.990407	-0.059823	-0.124560	0.029299	
0.046839	0.702718	-0.709925	0.043135	
0.130000	-0.708949	-0.693174	0.270011	
0.000000	0.000000	0.000000	1.000000	
-0.980822	-0.112613	-0.159080	0.045972	
0.019726	0.754646	-0.655836	0.012573	
0.193905	-0.646396	-0.737952	0.262718	
0.000000	0.000000	0.000000	1.000000	
-0.990569	-0.060050	-0.123154	0.031558	
0.046180	0.699920	-0.712727	0.042976	
0.128997	-0.711692	-0.690546	0.269065	
0.000000	0.000000	0.000000	1.000000	
-0.969487	-0.160747	-0.185080	0.066273	
-0.000234	0.755601	-0.655032	0.015438	
0.245142	-0.635002	-0.732583	0.260946	
0.000000	0.000000	0.000000	1.000000	
-0.986010	-0.090302	-0.140105	0.038723	
0.045923	0.660839	-0.749121	0.055045	
0.160234	-0.745075	-0.647447	0.268037	
0.000000	0.000000	0.000000	1.000000	
-0.982785	-0.096543	-0.157520	0.043047	
0.044915	0.702174	-0.710587	0.040126	
0.179208	-0.705430	-0.685750	0.265928	
0.000000	0.000000	0.000000	1.000000	
-0.984524	-0.089408	-0.150730	0.038164	
0.044053	0.706201	-0.706640	0.040267	
0.169625	-0.702344	-0.691332	0.266872	
0.000000	0.000000	0.000000	1.000000	
-0.981422	-0.102944	-0.161908	0.047820	
0.034417	0.735724	-0.676407	0.024697	
0.188752	-0.669413	-0.718512	0.264084	
0.000000	0.000000	0.000000	1.000000	
-0.990375	-0.064636	-0.122393	0.029196	
0.048454	0.666406	-0.744012	0.046325	
0.129654	-0.742782	-0.656860	0.266840	
0.000000	0.000000	0.000000	1.000000	
-0.971734	-0.142998	-0.187842	0.059232	
0.021443	0.738924	-0.673447	0.019862	
0.235103	-0.658440	-0.714971	0.261061	
0.000000	0.000000	0.000000	1.000000	
-0.964792	-0.172974	-0.198133	0.072440	
0.023915	0.692503	-0.721019	0.045694	
0.261925	-0.700371	-0.663985	0.263343	
0.000000	0.000000	0.000000	1.000000	
-0.986443	-0.084439	-0.140716	0.040136	
0.046087	0.680422	-0.731370	0.056730	
0.157503	-0.727940	-0.667306	0.270010	
0.000000	0.000000	0.000000	1.000000	
-0.986532	-0.090317	-0.136370	0.042614	
0.028303	0.726895	-0.686165	0.028459	
0.161099	-0.680783	-0.714550	0.266254	
0.000000	0.000000	0.000000	1.000000	
-0.965788	-0.161926	-0.202569	0.069825	
0.027656	0.712349	-0.701280	0.037535	
0.257856	-0.682890	-0.683500	0.262771	
0.000000	0.000000	0.000000	1.000000	
-0.969278	-0.160675	-0.186235	0.067282	
0.022186	0.696956	-0.716771	0.039741	
0.244964	-0.698882	-0.671979	0.262195	
0.000000	0.000000	0.000000	1.000000	
-0.969278	-0.160675	-0.186235	0.067282	
0.022186	0.696956	-0.716771	0.039741	
0.244964	-0.698882	-0.671979	0.262195	
0.000000	0.000000	0.000000	1.000000	
-0.978460	-0.121371	-0.166991	0.056175	
0.039290	0.684641	-0.727821	0.045746	
0.202665	-0.718704	-0.665125	0.265408	
0.000000	0.000000	0.000000	1.000000	
-0.979867	-0.119414	-0.160002	0.053360	
0.035941	0.682813	-0.729708	0.050772	
0.196389	-0.720768	-0.664774	0.266512	
0.000000	0.000000	0.000000	1.000000	
-0.982955	-0.101208	-0.153481	0.043241	
0.038107	0.704539	-0.708641	0.039555	
0.179854	-0.702411	-0.688674	0.267843	
0.000000	0.000000	0.000000	1.000000	
-0.981621	-0.112904	-0.153858	0.049741	
0.020109	0.740536	-0.671716	0.021951	
0.189777	-0.662465	-0.724655	0.263309	
0.000000	0.000000	0.000000	1.000000	
-0.988757	-0.070038	-0.132116	0.034419	
0.048123	0.687485	-0.724603	0.043513	
0.141578	-0.722813	-0.676385	0.266332	
0.000000	0.000000	0.000000	1.000000	
-0.962809	-0.178055	-0.203212	0.075077	
0.029402	0.678612	-0.733908	0.050005	
0.268578	-0.712588	-0.648139	0.262774	
0.000000	0.000000	0.000000	1.000000	
-0.969292	-0.159497	-0.187175	0.067347	
0.031213	0.675188	-0.736985	0.049781	
0.243926	-0.720196	-0.649475	0.263717	
0.000000	0.000000	0.000000	1.000000	
-0.985514	-0.096161	-0.139700	0.044520	
0.036136	0.685742	-0.726947	0.049159	
0.165702	-0.721465	-0.672333	0.267933	
0.000000	0.000000	0.000000	1.000000	
-0.982522	-0.105747	-0.153195	0.044421	
0.025599	0.738400	-0.673877	0.021396	
0.184380	-0.666021	-0.722787	0.264099	
0.000000	0.000000	0.000000	1.000000	
-0.989970	-0.061744	-0.127074	0.028227	
0.054081	0.665327	-0.744590	0.055597	
0.130520	-0.743994	-0.655315	0.269437	
0.000000	0.000000	0.000000	1.000000	
-0.960021	-0.187067	-0.208243	0.078721	
0.005125	0.732049	-0.681233	0.024517	
0.279880	-0.655066	-0.701823	0.258498	
0.000000	0.000000	0.000000	1.000000	
-0.974637	-0.142862	-0.172257	0.063947	
0.029779	0.680088	-0.732525	0.045805	
0.221800	-0.719076	-0.658585	0.264216	
0.000000	0.000000	0.000000	1.000000	
-0.987622	-0.089169	-0.129044	0.040319	
0.019308	0.747333	-0.664169	0.014435	
0.155662	-0.658439	-0.736361	0.261872	
0.000000	0.000000	0.000000	1.000000	
-0.959245	-0.188570	-0.210451	0.078068	
0.022720	0.690883	-0.722609	0.047055	
0.281660	-0.697941	-0.658442	0.261917	
0.000000	0.000000	0.000000	1.000000	
-0.964647	-0.177622	-0.194696	0.077296	
0.021263	0.683894	-0.729271	0.048948	
0.262686	-0.707629	-0.655940	0.261671	
0.000000	0.000000	0.000000	1.000000	
-0.988130	-0.082264	-0.129738	0.036740	
0.039355	0.680792	-0.731418	0.048029	
0.148493	-0.727842	-0.669474	0.267957	
0.000000	0.000000	0.000000	1.000000	
-0.991244	-0.045242	-0.124049	0.025494	
0.057363	0.698640	-0.713170	0.042066	
0.118931	-0.714041	-0.689928	0.268078	
0.000000	0.000000	0.000000	1.000000	
-0.969948	-0.156089	-0.186645	0.066254	
-0.003135	0.775057	-0.631883	0.005888	
0.243291	-0.612309	-0.752255	0.258234	
0.000000	0.000000	0.000000	1.000000	
-0.983437	-0.097663	-0.152688	0.043242	
0.030264	0.742110	-0.669595	0.019656	
0.178705	-0.663125	-0.726863	0.262154	
0.000000	0.000000	0.000000	1.000000	
-0.984373	-0.097348	-0.146739	0.043934	
0.035760	0.705434	-0.707873	0.037907	
0.172425	-0.702059	-0.690929	0.266786	
0.000000	0.000000	0.000000	1.000000	
-0.970286	-0.156756	-0.184317	0.067868	
0.025492	0.691296	-0.722122	0.044422	
0.240614	-0.705363	-0.666759	0.263909	
0.000000	0.000000	0.000000	1.000000	
-0.970286	-0.156756	-0.184317	0.067868	
0.025492	0.691296	-0.722122	0.044422	
0.240614	-0.705363	-0.666759	0.263909	
0.000000	0.000000	0.000000	1.000000	
-0.976151	-0.127925	-0.175396	0.054372	
0.039706	0.689102	-0.723576	0.043706	
0.213429	-0.713284	-0.667588	0.265038	
0.000000	0.000000	0.000000	1.000000	
