0.815960	-0.277481	0.507162	0.172575	
0.568233	0.546416	-0.615257	-0.026938	
-0.106399	0.790211	0.603528	0.363666	
0.000000	0.000000	0.000000	1.000000	
0.879266	-0.345352	0.328059	0.188296	
0.469714	0.743026	-0.476740	-0.039634	
-0.079114	0.573275	0.815534	0.385383	
0.000000	0.000000	0.000000	1.000000	
0.840849	-0.363937	0.400652	0.181521	
0.538409	0.638384	-0.550075	-0.030707	
-0.055577	0.678245	0.732731	0.382569	
0.000000	0.000000	0.000000	1.000000	
0.917640	-0.326467	0.226619	0.194821	
0.393263	0.828137	-0.399417	-0.049380	
-0.057275	0.455642	0.888319	0.395721	
0.000000	0.000000	0.000000	1.000000	
0.876425	-0.375739	0.301164	0.188290	
0.479927	0.732701	-0.482513	-0.038142	
-0.039365	0.567424	0.822485	0.393611	
0.000000	0.000000	0.000000	1.000000	
0.876964	-0.373663	0.302176	0.188583	
0.478839	0.732567	-0.483796	-0.038264	
-0.040588	0.568965	0.821360	0.393401	
0.000000	0.000000	0.000000	1.000000	
0.827829	-0.354551	0.434733	0.177979	
0.558318	0.596137	-0.576976	-0.027610	
-0.054593	0.720357	0.691452	0.379561	
0.000000	0.000000	0.000000	1.000000	
0.913319	-0.335954	0.230181	0.194244	
0.404305	0.815793	-0.413545	-0.048216	
-0.048848	0.470762	0.880907	0.396923	
0.000000	0.000000	0.000000	1.000000	
0.808810	-0.336912	0.481992	0.173390	
0.586263	0.526145	-0.616009	-0.023910	
-0.046057	0.780808	0.623071	0.375466	
0.000000	0.000000	0.000000	1.000000	
0.853683	-0.347667	0.387753	0.183119	
0.514595	0.677642	-0.525352	-0.033409	
-0.080110	0.648019	0.757399	0.380474	
0.000000	0.000000	0.000000	1.000000	
0.809316	-0.334815	0.482604	0.173388	
0.585239	0.529632	-0.613991	-0.024042	
-0.050030	0.779352	0.624586	0.374859	
0.000000	0.000000	0.000000	1.000000	
0.829103	-0.298333	0.472849	0.175971	
0.547267	0.606103	-0.577182	-0.029071	
-0.114402	0.737317	0.665790	0.367371	
0.000000	0.000000	0.000000	1.000000	
0.856905	-0.344289	0.383639	0.183898	
0.508561	0.686138	-0.520172	-0.034382	
-0.084140	0.640842	0.763047	0.380141	
0.000000	0.000000	0.000000	1.000000	
0.830958	-0.355119	0.428251	0.179077	
0.553464	0.605779	-0.571585	-0.028249	
-0.056445	0.711985	0.699923	0.380002	
0.000000	0.000000	0.000000	1.000000	
0.829781	-0.357618	0.428455	0.178947	
0.555451	0.603768	-0.571785	-0.028223	
-0.054207	0.712442	0.699634	0.380181	
0.000000	0.000000	0.000000	1.000000	
0.829536	-0.357415	0.429098	0.178966	
0.555769	0.603611	-0.571642	-0.028100	
-0.054694	0.712677	0.699357	0.380123	
0.000000	0.000000	0.000000	1.000000	
0.838238	-0.339816	0.426477	0.180150	
0.540155	0.624663	-0.563940	-0.030133	
-0.074769	0.703079	0.707170	0.377666	
0.000000	0.000000	0.000000	1.000000	
0.842838	-0.333772	0.422161	0.180209	
0.531348	0.640592	-0.554357	-0.031304	
-0.085404	0.691547	0.717265	0.376591	
0.000000	0.000000	0.000000	1.000000	
0.829009	-0.358726	0.429022	0.178517	
0.557075	0.597091	-0.577191	-0.027931	
-0.049112	0.717494	0.694831	0.380884	
0.000000	0.000000	0.000000	1.000000	
0.809973	-0.333523	0.482396	0.173970	
0.584221	0.530790	-0.613961	-0.024176	
-0.051281	0.779118	0.624776	0.374698	
0.000000	0.000000	0.000000	1.000000	
0.810216	-0.334743	0.481142	0.173848	
0.584016	0.530732	-0.614205	-0.024475	
-0.049757	0.778633	0.625503	0.375002	
0.000000	0.000000	0.000000	1.000000	
0.856144	-0.344913	0.384776	0.183621	
0.510096	0.683119	-0.522638	-0.034425	
-0.082583	0.643726	0.760787	0.380224	
0.000000	0.000000	0.000000	1.000000	
0.855568	-0.344691	0.386254	0.183444	
0.511126	0.680881	-0.524549	-0.034037	
-0.082185	0.646211	0.758720	0.380318	
0.000000	0.000000	0.000000	1.000000	
0.889343	-0.352411	0.291332	0.190451	
0.453171	0.764163	-0.459011	-0.041631	
-0.060865	0.540241	0.839306	0.391027	
0.000000	0.000000	0.000000	1.000000	
0.809004	-0.336160	0.482191	0.173715	
0.585829	0.528287	-0.614587	-0.023769	
-0.048135	0.779685	0.624319	0.375271	
0.000000	0.000000	0.000000	1.000000	
0.909361	-0.332320	0.250251	0.193574	
0.411330	0.808215	-0.421421	-0.046721	
-0.062210	0.486160	0.871652	0.393703	
0.000000	0.000000	0.000000	1.000000	
0.881832	-0.371779	0.290092	0.189633	
0.469839	0.745262	-0.473114	-0.039533	
-0.040300	0.553503	0.831872	0.394308	
0.000000	0.000000	0.000000	1.000000	
0.871764	-0.369046	0.322232	0.187482	
0.487478	0.719064	-0.495290	-0.037111	
-0.048920	0.588857	0.806755	0.390596	
0.000000	0.000000	0.000000	1.000000	
0.889339	-0.336970	0.309074	0.189715	
0.450069	0.764417	-0.461632	-0.041786	
-0.080705	0.549652	0.831486	0.386758	
0.000000	0.000000	0.000000	1.000000	
0.898627	-0.337147	0.280716	0.191319	
0.432909	0.785196	-0.442783	-0.044199	
-0.071134	0.519421	0.851552	0.390134	
0.000000	0.000000	0.000000	1.000000	
0.873076	-0.371610	0.315664	0.187805	
0.485485	0.722553	-0.492160	-0.037575	
-0.045192	0.582944	0.811255	0.391579	
0.000000	0.000000	0.000000	1.000000	
0.889225	-0.342292	0.303503	0.189835	
0.451278	0.765124	-0.459276	-0.041935	
-0.075011	0.545364	0.834836	0.387907	
0.000000	0.000000	0.000000	1.000000	
0.827801	-0.352835	0.436180	0.178228	
0.558077	0.597438	-0.575863	-0.027744	
-0.057406	0.720122	0.691468	0.379021	
0.000000	0.000000	0.000000	1.000000	
0.905692	-0.327345	0.269383	0.192312	
0.417009	0.802313	-0.427080	-0.046426	
-0.076327	0.499138	0.863154	0.389971	
0.000000	0.000000	0.000000	1.000000	
0.868807	-0.369985	0.329069	0.186385	
0.492761	0.711272	-0.501277	-0.036537	
-0.048592	0.597666	0.800272	0.390044	
0.000000	0.000000	0.000000	1.000000	
0.903749	-0.337163	0.263742	0.192221	
0.423551	0.793558	-0.436887	-0.045438	
-0.061992	0.506544	0.859983	0.392753	
0.000000	0.000000	0.000000	1.000000	
0.848052	-0.371888	0.377502	0.182731	
0.527600	0.659052	-0.535994	-0.032217	
-0.049464	0.653720	0.755118	0.385635	
0.000000	0.000000	0.000000	1.000000	
0.816802	-0.344775	0.462564	0.175301	
0.574707	0.556394	-0.600115	-0.025342	
-0.050463	0.756014	0.652608	0.377216	
0.000000	0.000000	0.000000	1.000000	
0.913658	-0.332946	0.233187	0.194255	
0.403188	0.815203	-0.415792	-0.047991	
-0.051659	0.473910	0.879057	0.396433	
0.000000	0.000000	0.000000	1.000000	
0.883458	-0.371653	0.285263	0.190065	
0.466795	0.750298	-0.468140	-0.039804	
-0.040047	0.546741	0.836343	0.394755	
0.000000	0.000000	0.000000	1.000000	
0.923796	-0.324002	0.204017	0.195812	
0.380478	0.836463	-0.394419	-0.050929	
-0.042860	0.441986	0.895997	0.399663	
0.000000	0.000000	0.000000	1.000000	
0.815864	-0.346826	0.462686	0.175135	
0.575745	0.561540	-0.594298	-0.025238	
-0.053699	0.751255	0.657824	0.376911	
0.000000	0.000000	0.000000	1.000000	
0.846853	-0.348672	0.401582	0.181374	
0.525790	0.662361	-0.533688	-0.031849	
-0.079910	0.663103	0.744251	0.379299	
0.000000	0.000000	0.000000	1.000000	
0.821116	-0.353479	0.448131	0.176402	
0.568292	0.579279	-0.584363	-0.026075	
-0.053033	0.734499	0.676534	0.378559	
0.000000	0.000000	0.000000	1.000000	
0.835029	-0.328749	0.441192	0.178229	
0.543705	0.615937	-0.570094	-0.029301	
-0.084328	0.715923	0.693068	0.374946	
0.000000	0.000000	0.000000	1.000000	
0.822074	-0.351780	0.447712	0.176670	
0.566885	0.579214	-0.585792	-0.026376	
-0.053251	0.735365	0.675575	0.378495	
0.000000	0.000000	0.000000	1.000000	
0.884999	-0.342738	0.315132	0.188927	
0.459240	0.754018	-0.469633	-0.040740	
-0.076654	0.560346	0.824704	0.386985	
0.000000	0.000000	0.000000	1.000000	
0.836423	-0.366089	0.407892	0.180022	
0.545719	0.625346	-0.557794	-0.029315	
-0.050872	0.689146	0.722835	0.382860	
0.000000	0.000000	0.000000	1.000000	
0.890826	-0.347309	0.292927	0.190105	
0.449593	0.766847	-0.458053	-0.042122	
-0.065544	0.539743	0.839275	0.390226	
0.000000	0.000000	0.000000	1.000000	
