0.871294	-0.283442	0.400633	0.184505	
0.481940	0.648263	-0.589481	-0.037192	
-0.092632	0.706693	0.701430	0.377971	
0.000000	0.000000	0.000000	1.000000	
0.871410	-0.283805	0.400125	0.184089	
0.481831	0.648331	-0.589497	-0.037190	
-0.092111	0.706485	0.701708	0.378101	
0.000000	0.000000	0.000000	1.000000	
0.870910	-0.284851	0.400470	0.184350	
0.482950	0.646918	-0.590132	-0.036953	
-0.090972	0.707359	0.700976	0.378337	
0.000000	0.000000	0.000000	1.000000	
0.871185	-0.287170	0.398209	0.184118	
0.482901	0.647530	-0.589502	-0.037125	
-0.088565	0.705860	0.702792	0.378760	
0.000000	0.000000	0.000000	1.000000	
0.871282	-0.287409	0.397824	0.183912	
0.482782	0.647686	-0.589428	-0.037079	
-0.088258	0.705620	0.703072	0.378865	
0.000000	0.000000	0.000000	1.000000	
0.871016	-0.286500	0.399059	0.184140	
0.483029	0.647499	-0.589430	-0.037108	
-0.089518	0.706160	0.702370	0.378549	
0.000000	0.000000	0.000000	1.000000	
0.870975	-0.285626	0.399775	0.184202	
0.483025	0.646718	-0.590290	-0.037019	
-0.089939	0.707230	0.701239	0.378507	
0.000000	0.000000	0.000000	1.000000	
0.870854	-0.286215	0.399618	0.184380	
0.483210	0.647544	-0.589233	-0.037012	
-0.090123	0.706235	0.702218	0.378448	
0.000000	0.000000	0.000000	1.000000	
0.871422	-0.283977	0.399975	0.184325	
0.481984	0.647257	-0.590551	-0.037401	
-0.091184	0.707401	0.700906	0.378278	
0.000000	0.000000	0.000000	1.000000	
0.871706	-0.285968	0.397932	0.184105	
0.481820	0.648193	-0.589657	-0.037289	
-0.089314	0.705740	0.702819	0.378674	
0.000000	0.000000	0.000000	1.000000	
0.871667	-0.285723	0.398194	0.184504	
0.481810	0.648372	-0.589468	-0.037393	
-0.089754	0.705674	0.702829	0.378633	
0.000000	0.000000	0.000000	1.000000	
0.871372	-0.284631	0.399619	0.184433	
0.482026	0.648470	-0.589184	-0.037090	
-0.091440	0.706025	0.702258	0.378308	
0.000000	0.000000	0.000000	1.000000	
0.871490	-0.284640	0.399356	0.184270	
0.481874	0.648312	-0.589481	-0.037201	
-0.091118	0.706167	0.702158	0.378313	
0.000000	0.000000	0.000000	1.000000	
0.870849	-0.284848	0.400604	0.184342	
0.483094	0.646491	-0.590483	-0.037120	
-0.090789	0.707751	0.700604	0.378252	
0.000000	0.000000	0.000000	1.000000	
0.871275	-0.283428	0.400684	0.184618	
0.482091	0.647294	-0.590422	-0.037216	
-0.092018	0.707587	0.700610	0.378114	
0.000000	0.000000	0.000000	1.000000	
0.871359	-0.284558	0.399700	0.184397	
0.482057	0.648270	-0.589379	-0.037200	
-0.091401	0.706239	0.702049	0.378254	
0.000000	0.000000	0.000000	1.000000	
0.871292	-0.284119	0.400158	0.184578	
0.482086	0.648162	-0.589474	-0.037183	
-0.091886	0.706514	0.701708	0.378116	
0.000000	0.000000	0.000000	1.000000	
0.870862	-0.285535	0.400087	0.184309	
0.483056	0.647647	-0.589245	-0.037033	
-0.090866	0.706415	0.701941	0.378294	
0.000000	0.000000	0.000000	1.000000	
0.871455	-0.284781	0.399332	0.184341	
0.481922	0.648553	-0.589177	-0.037081	
-0.091201	0.705888	0.702427	0.378375	
0.000000	0.000000	0.000000	1.000000	
0.871212	-0.283715	0.400618	0.184675	
0.482197	0.647614	-0.589985	-0.036959	
-0.092058	0.707179	0.701016	0.378214	
0.000000	0.000000	0.000000	1.000000	
0.871287	-0.283796	0.400397	0.184714	
0.482022	0.648234	-0.589447	-0.037390	
-0.092268	0.706578	0.701594	0.378047	
0.000000	0.000000	0.000000	1.000000	
0.870886	-0.285734	0.399891	0.184301	
0.483111	0.647233	-0.589655	-0.037417	
-0.090339	0.706714	0.701708	0.378288	
0.000000	0.000000	0.000000	1.000000	
0.871425	-0.284249	0.399775	0.184411	
0.481923	0.648099	-0.589676	-0.037302	
-0.091479	0.706519	0.701756	0.378170	
0.000000	0.000000	0.000000	1.000000	
0.871246	-0.283608	0.400620	0.184509	
0.482151	0.647432	-0.590223	-0.037073	
-0.091982	0.707388	0.700814	0.378170	
0.000000	0.000000	0.000000	1.000000	
0.871315	-0.284288	0.399988	0.184548	
0.482079	0.648204	-0.589433	-0.037186	
-0.091705	0.706407	0.701839	0.378174	
0.000000	0.000000	0.000000	1.000000	
0.870802	-0.285279	0.400399	0.184479	
0.483207	0.646779	-0.590075	-0.036958	
-0.090634	0.707314	0.701065	0.378387	
0.000000	0.000000	0.000000	1.000000	
0.871325	-0.284020	0.400156	0.184576	
0.481973	0.648512	-0.589181	-0.037275	
-0.092166	0.706233	0.701955	0.378151	
0.000000	0.000000	0.000000	1.000000	
0.871309	-0.283965	0.400230	0.184605	
0.482143	0.647295	-0.590379	-0.037128	
-0.091420	0.707371	0.700906	0.378251	
0.000000	0.000000	0.000000	1.000000	
0.870888	-0.285703	0.399909	0.184511	
0.483040	0.647713	-0.589185	-0.037006	
-0.090694	0.706287	0.702092	0.378355	
0.000000	0.000000	0.000000	1.000000	
0.870860	-0.285896	0.399833	0.184255	
0.483169	0.647316	-0.589516	-0.037155	
-0.090278	0.706573	0.701858	0.378334	
0.000000	0.000000	0.000000	1.000000	
0.871293	-0.284490	0.399893	0.184365	
0.482076	0.648780	-0.588801	-0.036887	
-0.091935	0.705797	0.702423	0.378296	
0.000000	0.000000	0.000000	1.000000	
0.870924	-0.285554	0.399938	0.184225	
0.482951	0.647776	-0.589189	-0.036962	
-0.090825	0.706289	0.702073	0.378332	
0.000000	0.000000	0.000000	1.000000	
0.871292	-0.284146	0.400140	0.184625	
0.482080	0.648252	-0.589379	-0.037167	
-0.091922	0.706421	0.701798	0.378133	
0.000000	0.000000	0.000000	1.000000	
0.871307	-0.284239	0.400040	0.184652	
0.482086	0.648172	-0.589462	-0.037207	
-0.091747	0.706457	0.701784	0.378153	
0.000000	0.000000	0.000000	1.000000	
0.871286	-0.284097	0.400188	0.184654	
0.482024	0.648679	-0.588956	-0.036971	
-0.092273	0.706049	0.702126	0.378183	
0.000000	0.000000	0.000000	1.000000	
0.871357	-0.284211	0.399951	0.184545	
0.481959	0.648541	-0.589160	-0.037268	
-0.091939	0.706129	0.702089	0.378208	
0.000000	0.000000	0.000000	1.000000	
0.871526	-0.284482	0.399390	0.184212	
0.481791	0.648313	-0.589549	-0.037227	
-0.091214	0.706229	0.702083	0.378283	
0.000000	0.000000	0.000000	1.000000	
0.871276	-0.284403	0.399992	0.184630	
0.482134	0.648395	-0.589178	-0.037067	
-0.091788	0.706186	0.702051	0.378216	
0.000000	0.000000	0.000000	1.000000	
0.871358	-0.283870	0.400191	0.184509	
0.481938	0.648187	-0.589567	-0.037439	
-0.092038	0.706591	0.701611	0.378075	
0.000000	0.000000	0.000000	1.000000	
0.871458	-0.284450	0.399561	0.184402	
0.481890	0.648271	-0.589514	-0.037376	
-0.091336	0.706281	0.702014	0.378253	
0.000000	0.000000	0.000000	1.000000	
0.870957	-0.286132	0.399452	0.184194	
0.483042	0.647540	-0.589374	-0.037103	
-0.090022	0.706272	0.702194	0.378449	
0.000000	0.000000	0.000000	1.000000	
0.871279	-0.284103	0.400197	0.184692	
0.482086	0.648280	-0.589344	-0.037344	
-0.092005	0.706412	0.701795	0.378128	
0.000000	0.000000	0.000000	1.000000	
0.871270	-0.284014	0.400281	0.184638	
0.482100	0.648150	-0.589476	-0.037219	
-0.092023	0.706568	0.701636	0.378082	
0.000000	0.000000	0.000000	1.000000	
0.871265	-0.284326	0.400069	0.184534	
0.482108	0.648604	-0.588969	-0.036984	
-0.092027	0.706025	0.702182	0.378226	
0.000000	0.000000	0.000000	1.000000	
0.871321	-0.283717	0.400380	0.184596	
0.482104	0.647099	-0.590625	-0.037287	
-0.091515	0.707649	0.700612	0.378164	
0.000000	0.000000	0.000000	1.000000	
0.870888	-0.285744	0.399880	0.184591	
0.483099	0.647320	-0.589569	-0.037376	
-0.090384	0.706630	0.701786	0.378305	
0.000000	0.000000	0.000000	1.000000	
0.870885	-0.285066	0.400372	0.184442	
0.483045	0.646781	-0.590205	-0.037003	
-0.090705	0.707398	0.700971	0.378355	
0.000000	0.000000	0.000000	1.000000	
0.871448	-0.284740	0.399375	0.184442	
0.481919	0.648590	-0.589140	-0.037065	
-0.091279	0.705871	0.702434	0.378370	
0.000000	0.000000	0.000000	1.000000	
0.871405	-0.284449	0.399677	0.184527	
0.481956	0.648372	-0.589349	-0.037140	
-0.091500	0.706188	0.702087	0.378252	
0.000000	0.000000	0.000000	1.000000	
