%YAML:1.0
---
intrinsic: !!opencv-matrix
   rows: 3
   cols: 3
   dt: d
   data: [ 9.1131555856331488e+02, 0., 4.0686117078166387e+02, 0.,
       9.1504915893570239e+02, 2.5215250338455618e+02, 0., 0., 1. ]
dist: !!opencv-matrix
   rows: 5
   cols: 1
   dt: d
   data: [ -2.1290682144630810e-01, 1.1886464710561577e+00,
       -9.6856699526316637e-03, -2.6575759835827870e-03,
       -5.1227632754830719e+00 ]
rme: 1.6015859289112588e-01
